module test_mask2d_roundover() {
    $fn = 24;
    assert_approx(mask2d_roundover(r=10),[[10,-0.01],[-0.01,-0.01],[-0.01,10],[-1.7763568394e-15,10],[0.489434837048,6.90983005625],[1.90983005625,4.12214747708],[4.12214747708,1.90983005625],[6.90983005625,0.489434837048],[10,-1.7763568394e-15]]);
    assert_approx(mask2d_roundover(d=20),[[10,-0.01],[-0.01,-0.01],[-0.01,10],[-1.7763568394e-15,10],[0.489434837048,6.90983005625],[1.90983005625,4.12214747708],[4.12214747708,1.90983005625],[6.90983005625,0.489434837048],[10,-1.7763568394e-15]]);
    assert_approx(mask2d_roundover(r=10,inset=1),[[11,-0.01],[-0.01,-0.01],[-0.01,11],[1,11],[1.48943483705,7.90983005625],[2.90983005625,5.12214747708],[5.12214747708,2.90983005625],[7.90983005625,1.48943483705],[11,1]]);
    assert_approx(mask2d_roundover(d=20,inset=1),[[11,-0.01],[-0.01,-0.01],[-0.01,11],[1,11],[1.48943483705,7.90983005625],[2.90983005625,5.12214747708],[5.12214747708,2.90983005625],[7.90983005625,1.48943483705],[11,1]]);
    assert_approx(mask2d_roundover(r=10,inset=1,excess=1),[[11,-1],[-1,-1],[-1,11],[1,11],[1.48943483705,7.90983005625],[2.90983005625,5.12214747708],[5.12214747708,2.90983005625],[7.90983005625,1.48943483705],[11,1]]);
    assert_approx(mask2d_roundover(d=20,inset=1,excess=1),[[11,-1],[-1,-1],[-1,11],[1,11],[1.48943483705,7.90983005625],[2.90983005625,5.12214747708],[5.12214747708,2.90983005625],[7.90983005625,1.48943483705],[11,1]]);
}
test_mask2d_roundover();