module test_mask2d_cove() {
    $fn = 24;
    assert_approx(mask2d_cove(r=10),[[10,-0.01],[-0.01,-0.01],[-0.01,10],[1.7763568394e-15,10],[3.09016994375,9.51056516295],[5.87785252292,8.09016994375],[8.09016994375,5.87785252292],[9.51056516295,3.09016994375],[10,1.7763568394e-15]]);
    assert_approx(mask2d_cove(d=20),[[10,-0.01],[-0.01,-0.01],[-0.01,10],[1.7763568394e-15,10],[3.09016994375,9.51056516295],[5.87785252292,8.09016994375],[8.09016994375,5.87785252292],[9.51056516295,3.09016994375],[10,1.7763568394e-15]]);
    assert_approx(mask2d_cove(r=10,inset=1),[[11,-0.01],[-0.01,-0.01],[-0.01,11],[1,11],[4.09016994375,10.510565163],[6.87785252292,9.09016994375],[9.09016994375,6.87785252292],[10.510565163,4.09016994375],[11,1]]);
    assert_approx(mask2d_cove(d=20,inset=1),[[11,-0.01],[-0.01,-0.01],[-0.01,11],[1,11],[4.09016994375,10.510565163],[6.87785252292,9.09016994375],[9.09016994375,6.87785252292],[10.510565163,4.09016994375],[11,1]]);
    assert_approx(mask2d_cove(r=10,inset=1,excess=1),[[11,-1],[-1,-1],[-1,11],[1,11],[4.09016994375,10.510565163],[6.87785252292,9.09016994375],[9.09016994375,6.87785252292],[10.510565163,4.09016994375],[11,1]]);
    assert_approx(mask2d_cove(d=20,inset=1,excess=1),[[11,-1],[-1,-1],[-1,11],[1,11],[4.09016994375,10.510565163],[6.87785252292,9.09016994375],[9.09016994375,6.87785252292],[10.510565163,4.09016994375],[11,1]]);
}
test_mask2d_cove();